58133
58136
58138
58144
58146
58159
58164
58168
58176
58179
58185
58188
58195
58200
58202
58203
58204
58211
58224
58245
58252
58257
58269
58271
58272
58278
58282
58292
58293
58295
58296
58297
58298
58299
58300
58302
58303
58305
58315
58325
58329
58330
58332
58335
58336
58340
58341
58344
58345
58352
58354
58364
58372
58377
58380
58381
58384
58401
58406
58408
58412
58422
58431
58433
58441
58451
58452
58455
58458
58461
58464
58474
58480
58481
58485
58486
58487
58489
58491
58502
58525
58528
58532
58534
58547
58561
58564
58567
58570
58575
58576
58577
58580
58583
58586
58588
58589
58590
58591
58595
58597
58598
58599
58612
58614
58619
58629
58631
58634
58639
58658
58659
58662
58664
58666
58669
58670
58671
58672
58674
58678
58680
58687
58695
58696
58700
58703
58708
58709
58710
58712
58713
58714
58721
58729
58736
58739
58747
58749
58751
58752
58756
58757
58760
58761
58762
58768
58773
58774
58776
58778
58786
58787
58794
58797
58800
58801
58803
58808
58813
58819
58822
58830
58831
58835
58842
58843
58844
58847
58849
58856
58859
58861
58865
58881
58886
58888
58891
58894
58904
58914
58915
58916
58921
58927
58928
58930
58933
58937
58941
58943
58944
58945
58949
58950
58951
58953
58964
58968
58969
58974
58975
58979
58982
58983
58985
58986
58991
58992
59000
59004
59007
59009
59012
59013
59014
59019
59020
59022
59023
59024
59031
59032
59038
59044
59047
59054
59055
59056
59059
59065
59070
59073
59076
59077
59079
59083
59089
59095
59097
59105
59108
59110
59112
59130
59134
59135
59140
59142
59143
59147
59148
59150
59153
59154
59159
59162
59165
59166
59167
59169
59174
59176
59178
59179
59182
59183
59188
59191
59196
59198
59200
59201
59202
59203
59204
59205
59207
59208
59210
59211
59213
59214
59215
59216
59219
59227
59233
59235
59236
59237
59238
59241
59244
59247
59249
59254
59256
59258
59259
59265
59270
59271
59272
59273
59280
59283
59284
59288
59292
59293
59294
59299
59300
59304
59305
59307
59308
59309
59312
59316
59320
59324
59326
59327
59331
59332
59334
59335
59336
59339
59343
59347
59348
59352
59353
59356
59357
59359
59360
59361
59362
59367
59371
59373
59375
59383
59391
59394
59399
59400
59406
59407
59409
59410
59416
59417
59420
59429
59430
59431
59433
59435
59436
59437
59441
59442
59444
59447
59451
59452
59458
59464
59467
59469
59472
59480
59484
59490
59493
59495
59498
59501
59504
59505
59509
59510
59511
59516
59522
59523
59524
59525
59526
59527
59528
59532
59534
59545
59548
59549
59550
59553
59557
59563
59565
59573
59574
59578
59580
59582
59588
59589
59590
59595
59600
59608
59615
59616
59617
59618
59624
59628
59633
59635
59636
59642
59644
59645
59648
59649
59652
59660
59661
59663
59664
59668
59669
59670
59671
59676
59677
59678
59679
59680
59681
59682
59683
59685
59687
59688
59689
59690
59692
59693
59695
59697
59702
59705
59706
59708
59709
59711
59713
59714
59715
59716
59718
59722
59723
59724
59727
59729
59734
59735
59741
59743
59749
59750
59756
59757
59758
59761
59762
59763
59764
59765
59770
59772
59773
59774
59778
59779
59783
59789
59795
59798
59801
59804
59805
59806
59812
59816
59818
59820
59822
59823
59825
59826
59828
59829
59830
59831
59835
59838
59840
59841
59843
59846
59848
59850
59851
59859
59860
59862
59863
59871
59872
59873
59879
59881
59882
59888
59889
59892
59893
59895
59897
59898
59899
59900
59903
59904
59905
59908
59912
59913
59915
59917
59925
59926
59927
59928
59929
59930
59935
59939
59941
59942
59943
59946
59947
59949
59950
59952
59955
59958
59962
59963
59965
59966
59971
59974
59976
59981
59982
59985
59988
59989
59990
59992
59994
59997
59998
60001
60002
60003
60006
60007
60008
60009
60010
60012
60013
60014
60016
60017
60018
60019
60020
60022
